Date : 2022-07-16 20:28:04
Total : 213 files,  201162 codes, 9091 comments, 17300 blanks, all 227553 lines

Languages
+------------------+------------+------------+------------+------------+------------+
| language         | files      | code       | comment    | blank      | total      |
+------------------+------------+------------+------------+------------+------------+
| JSON             |         11 |     81,530 |          0 |          6 |     81,536 |
| JavaScript React |         56 |     52,835 |        438 |        312 |     53,585 |
| CSS              |         31 |     35,516 |        175 |      8,212 |     43,903 |
| JavaScript       |         20 |     25,545 |      7,687 |      7,597 |     40,829 |
| C#               |         42 |      2,903 |        588 |        433 |      3,924 |
| Python           |         11 |      1,496 |        165 |        378 |      2,039 |
| Razor            |         23 |        425 |          0 |         38 |        463 |
| XML              |          3 |        384 |          6 |          0 |        390 |
| Log              |          8 |        237 |          0 |        237 |        474 |
| Markdown         |          2 |        205 |          1 |         80 |        286 |
| HTML             |          2 |         54 |         24 |          4 |         82 |
| SQL              |          1 |         21 |          0 |          1 |         22 |
| Shell Script     |          2 |          6 |          7 |          1 |         14 |
| Batch            |          1 |          5 |          0 |          1 |          6 |
+------------------+------------+------------+------------+------------+------------+
